,0,1,2,3,4,target
0,0.06668054306012085,0.06668092900528072,0.06668067161553694,0.0666801547397616,0.7332777015793,1
1,0.05000968333009057,0.050009952698325186,0.050009773053637525,0.7999613920302634,0.05000919888768333,1
2,0.8666482006299642,0.03333812722985429,0.033338040745722296,0.03333786707308765,0.033337764321371345,1
3,0.7332811444746977,0.06668021530464015,0.06667997084118857,0.06667947991668749,0.06667918946278605,1
4,0.04000773303293396,0.040007948276412804,0.04000780472667986,0.040007516482785326,0.8399689974811879,1
5,0.799495275734994,0.050009670013179464,0.05000949571405393,0.05000914566248702,0.050476412875285516,1
6,0.028809911491457275,0.02862447400534608,0.028575247671993348,0.8852424352234083,0.02874793160779501,1
7,0.2,0.2,0.2,0.2,0.2,1
8,0.040007728013354685,0.040007942658068674,0.0403095542062731,0.040007512025341925,0.8396672630969616,1
9,0.05000915752041347,0.7999639993665041,0.050009242351409924,0.05000890127659011,0.05000869948508244,1
10,0.05000638481661427,0.050061060425443074,0.7995998502478436,0.050120264116771396,0.0502124403933276,1
11,0.02500362670139539,0.8999857426232473,0.025003660319746095,0.02500352515772102,0.025003445197890266,1
12,0.0500096833300905,0.05000995269832577,0.05000977305363757,0.7999613920302632,0.050009198887683,1
13,0.7332811444746974,0.06668021530464047,0.06667997084118786,0.06667947991668821,0.06667918946278607,1
14,0.033340162785014504,0.033638517198004696,0.20042964077699424,0.033339969866744916,0.6992517093732417,1
15,0.2,0.2,0.2,0.2,0.2,0
16,0.2,0.2,0.2,0.2,0.2,0
17,0.10002342381555712,0.10002407553467589,0.10002364089970366,0.5999066080540015,0.10002225169606183,0
18,0.5999098611437682,0.10002340113984855,0.10002297872212575,0.100022130437709,0.10002162855654857,0
19,0.2,0.2,0.2,0.2,0.2,0
20,0.2,0.2,0.2,0.2,0.2,0
21,0.2,0.2,0.2,0.2,0.2,0
22,0.10002255859124175,0.1000231861526907,0.5999108981863878,0.10002192716307431,0.10002142990660548,0
23,0.10002342381556158,0.10002407553467986,0.10002364089970618,0.5999066080539914,0.10002225169606092,0
24,0.2,0.2,0.2,0.2,0.2,0
25,0.2,0.2,0.2,0.2,0.2,0
26,0.2,0.2,0.2,0.2,0.2,0
27,0.2,0.2,0.2,0.2,0.2,0
28,0.2,0.2,0.2,0.2,0.2,0
29,0.2,0.2,0.2,0.2,0.2,0
30,0.2,0.2,0.2,0.2,0.2,0
31,0.1000097886661742,0.10001006055333982,0.5999613360952827,0.10000951507806193,0.10000929960714142,1
32,0.05000915752041341,0.7999639993665042,0.05000924235141016,0.0500089012765898,0.05000869948508234,0
33,0.04008106059621735,0.04008346381990139,0.040006244440963006,0.8393074828138865,0.040521748329031756,1
34,0.10056391397197276,0.10058104517356346,0.10000383397203925,0.1023633399230405,0.5964878669593839,0
35,0.050009325837404695,0.050009585216907494,0.7999631647299974,0.05000906486495896,0.05000885935073147,0
36,0.040050084382381446,0.04005156053591199,0.040006157685229,0.040173010862339154,0.8397191865341385,0
37,0.06683347054477501,0.06683843697603943,0.06667477925202175,0.0672800418602075,0.7323732713669564,1
38,0.05013375211563786,0.05013773944884665,0.05000556847919873,0.798843619461489,0.050879320494827796,1
39,0.10002396781285838,0.1000246347248573,0.1000241899573374,0.10002329680075056,0.5999039107041964,0
40,0.2,0.2,0.2,0.2,0.2,0
41,0.04000727841941224,0.04000748093727845,0.8399712517592981,0.04000707466627977,0.04000691421773136,0
42,0.9110239873652446,0.022226257906884758,0.022226185189455516,0.022226039146055438,0.022297530392359516,0
43,0.2,0.2,0.2,0.2,0.2,0
44,0.7928808561315673,0.050502031888395436,0.05000960002233496,0.05205360047447568,0.054553911483226636,0
45,0.06781161411608162,0.0666809756368036,0.06782285027769162,0.06668019942154706,0.7310043605478761,0
46,0.730934966895772,0.06668026165457575,0.06668001651663598,0.06902552202150285,0.06667923291151347,1
47,0.03333953893390915,0.033339711737039944,0.03333959649063995,0.866641924636909,0.033339228201501966,0
48,0.2,0.2,0.2,0.2,0.2,0
49,0.8999823863388786,0.025004573043029055,0.02500449032656749,0.025004324259680587,0.025004226031844358,0
50,0.05047269872068503,0.7932656846018371,0.0500093332984452,0.0519829200345276,0.05426936334450504,1
51,0.04005008438238797,0.040051560535919385,0.040006157685235195,0.04017301086246114,0.8397191865339964,1
52,0.05000785463302914,0.05000807296606709,0.050007927355872304,0.7999686830874579,0.050007461957573586,0
53,0.028576409585286462,0.8856947044644269,0.028576455792015194,0.028576270024339205,0.028576160133932233,1
54,0.7332811444747002,0.06668021530463977,0.06667997084118771,0.0666794799166868,0.06667918946278555,0
55,0.05013563254796313,0.05013967370369925,0.05000741330536705,0.7988352193631326,0.05088206107983803,1
56,0.028576501263902404,0.028576642566489303,0.8856942498671959,0.028576359114759656,0.028576247187652823,1
57,0.8666427868164305,0.03333953298621516,0.033339420992148046,0.03333919611734704,0.03333906308785939,0
58,0.7999627362217887,0.050009674046271796,0.05000949945347695,0.05000914885212493,0.05000894142633764,0
59,0.040647743630747545,0.04000775822425682,0.040007618375055454,0.8393297084442621,0.04000717132567803,1
60,0.03333853624524342,0.866646212650651,0.03333858449106443,0.03333839063485582,0.033338275978185374,0
61,0.04005008438240921,0.040051560535940105,0.04000615768525422,0.040173010862836415,0.8397191865335601,0
62,0.033339309634194646,0.033339476007493714,0.866643061649296,0.03333914225450251,0.0333390104545132,0
63,0.033339309634194576,0.033339476007493325,0.8666430616492963,0.033339142254502276,0.03333901045451348,1
64,0.7332811444746968,0.06668021530464077,0.06667997084118872,0.06667947991668777,0.06667918946278588,0
65,0.06667603085815846,0.06667629106631795,0.7332963462155401,0.06667576903098726,0.0666755628289963,1
66,0.03370485740278863,0.8639582430310878,0.03333862124576088,0.03395388004880382,0.035044398271558884,0
67,0.8399709172051115,0.04000755029330595,0.040007413972105964,0.040007140236182945,0.04000697829329365,0
68,0.06667603085815874,0.06667629106631832,0.7332963462155393,0.0666757690309874,0.06667556282899628,1
69,0.03333919676226835,0.8662943845299603,0.03351943707955279,0.03333903290978053,0.03350794871843797,1
70,0.040007733032933875,0.04000794827641206,0.04000780472667968,0.04000751648278447,0.8399689974811899,0
71,0.050533030614104545,0.0502301291124637,0.05000811505217827,0.05000781596119388,0.7992209092600596,0
72,0.02889569812386819,0.028576145759743037,0.8853247036707868,0.028575890062511055,0.028627562383090985,1
73,0.06668022832879722,0.06668060548709213,0.06668035395762084,0.7332792622242726,0.06667955000221717,1
74,0.028576813413527188,0.028576962967857934,0.029417095496898735,0.028576662915667902,0.8848524652060483,1
75,0.04030575870535418,0.04013585214968374,0.04000669685345673,0.04000645004733169,0.8395452422441737,0
76,0.06667972773221373,0.06668009091880825,0.7332817445190123,0.06667936230466998,0.06667907452529565,0
77,0.06668024517136392,0.06782460002629144,0.06668037085684353,0.7321352174577348,0.06667956648776624,1
78,0.033338629813439935,0.03333877689622287,0.8659764764881434,0.03333848180462934,0.03400763499756446,1
79,0.8399709172051119,0.040007550293305424,0.04000741397210626,0.040007140236182855,0.04000697829329355,1
80,0.8999823863388791,0.025004573043028798,0.02500449032656755,0.02500432425968019,0.025004226031844438,0
81,0.8997644923140643,0.025108904523591973,0.02500365590829821,0.025003521203917932,0.025119426050127666,1
82,0.7322705644655856,0.06668023269322189,0.06667998811887375,0.06667949693569335,0.06768971778662554,0
83,0.06668054306012283,0.06668092900528186,0.06668067161553702,0.0666801547397609,0.7332777015792974,1
84,0.10000978866617431,0.10001006055334001,0.5999613360952823,0.10000951507806195,0.10000929960714136,1
85,0.9110186403749092,0.0222262589153221,0.022303106932409843,0.022226040105771776,0.022225953671587157,1
86,0.06667451955052778,0.06667473769418655,0.06667460532518699,0.7333020102598348,0.06667412717026389,1
87,0.050009157520413204,0.7999639993665059,0.050009242351409765,0.05000890127658938,0.05000869948508181,1
88,0.022225838851121928,0.02230368259604163,0.9109478098388937,0.022225737798685037,0.02229693091525773,1
89,0.05000438769385149,0.05000450953281345,0.05000444460006849,0.799982489640276,0.05000416853299054,1
90,0.2,0.2,0.2,0.2,0.2,0
91,0.10000371740566918,0.10000382059245029,0.10000379696805659,0.5999851332453524,0.10000353178847157,1
92,0.05000914969060524,0.7995007035124859,0.05000923435588188,0.05047221993929099,0.05000869250173604,1
93,0.10002255859123925,0.10002318615268876,0.5999108981863914,0.10002192716307491,0.10002142990660569,1
94,0.2,0.2,0.2,0.2,0.2,1
95,0.03333930963419434,0.03333947600749331,0.8666430616492972,0.033339142254502296,0.03333901045451286,1
96,0.02000349499500179,0.020003592564927643,0.9199861959730565,0.020003396861311966,0.020003319605702168,0
97,0.028879408375543286,0.8851064940937343,0.028576452094473515,0.028576266962797324,0.02886137847345149,1
98,0.2,0.2,0.2,0.2,0.2,0
99,0.8393104992915695,0.04012876909753618,0.04000636156249162,0.04028077907782652,0.040273590970576055,1
100,0.040007147009038325,0.8399719033835743,0.04000721324052103,0.040006946952698685,0.040006789414167666,1
101,0.02857650126390349,0.028576642566489868,0.8856942498671927,0.02857635911476031,0.02857624718765364,0
102,0.1000239678128509,0.10002463472485261,0.10002418995733546,0.10002329680074834,0.5999039107042127,0
103,0.03333953893390983,0.03333971173704007,0.03333959649064017,0.8666419246369075,0.03333922820150255,0
104,0.10000251476786694,0.1000025845972013,0.5999900669760152,0.1000024445003758,0.1000023891585407,0
105,0.06668022832879869,0.06668060548709218,0.06668035395762205,0.73327926222427,0.06667955000221716,0
106,0.10000251476786694,0.1000025845972013,0.5999900669760152,0.1000024445003758,0.1000023891585407,0
107,0.5999098611437695,0.10002340113984907,0.10002297872212441,0.10002213043770992,0.10002162855654713,0
108,0.06667949203293043,0.7332829132779051,0.06667961081778476,0.06667913322098265,0.06667885065039697,0
109,0.05000968333009027,0.05000995269832566,0.050009773053636936,0.7999613920302643,0.05000919888768297,0
110,0.05000932583740487,0.05000958521690752,0.7999631647299956,0.05000906486495968,0.05000885935073238,0
111,0.05000932583740387,0.05000958521690681,0.7999631647299997,0.050009064864958555,0.05000885935073105,0
112,0.03333953274115491,0.03353430878840513,0.033339590090736344,0.8664473453290039,0.03333922305069963,0
113,0.2,0.2,0.2,0.2,0.2,0
114,0.10000251476786694,0.1000025845972013,0.5999900669760152,0.1000024445003758,0.1000023891585407,0
115,0.10000251476786694,0.1000025845972013,0.5999900669760152,0.1000024445003758,0.1000023891585407,0
116,0.10000251476786694,0.1000025845972013,0.5999900669760152,0.1000024445003758,0.1000023891585407,0
117,0.2,0.2,0.2,0.2,0.2,0
118,0.10000251476786694,0.1000025845972013,0.5999900669760152,0.1000024445003758,0.1000023891585407,0
119,0.10000251476786694,0.1000025845972013,0.5999900669760152,0.1000024445003758,0.1000023891585407,0
120,0.8666427868164301,0.033339532986215344,0.03333942099214828,0.033339196117346794,0.03333906308785948,0
121,0.04000755082042443,0.040007760572139575,0.0400076206893397,0.8386813168512902,0.04129575106680596,0
122,0.020003424403311484,0.9199300965100078,0.020003456076644856,0.02005976964583443,0.020003253364201314,0
123,0.10002255859124427,0.10002318615269513,0.5999108981863721,0.10002192716307948,0.10002142990660896,0
124,0.033339532203507424,0.03333970438838673,0.03333958955883531,0.865820432773057,0.03416074107621353,0
125,0.06667949203293058,0.7332829132779086,0.06667961081778297,0.06667913322098148,0.06667885065039622,0
126,0.028576696010788855,0.028576842786565946,0.028576744897340123,0.8856932842017367,0.028576432103568413,0
127,0.7332811444746914,0.06668021530464144,0.06667997084118975,0.06667947991668988,0.06667918946278747,0
128,0.03333953893390938,0.03333971173704049,0.033339596490640576,0.8666419246369068,0.033339228201502626,0
129,0.040007727004812,0.04000794162604682,0.04030915595568941,0.04000751104065575,0.839667664372796,0
130,0.2,0.2,0.2,0.2,0.2,0
131,0.2,0.2,0.2,0.2,0.2,0
132,0.025004683932804805,0.025004814579895434,0.02500472744598543,0.025004552519092036,0.8999812215222223,0
133,0.05000990771785137,0.0500101829503394,0.05000999939852913,0.0505197632547754,0.7994501466785047,0
134,0.06667949203293164,0.733282913277905,0.06667961081778437,0.06667913322098196,0.06667885065039707,0
135,0.0333392016833751,0.8666435969400369,0.03333925609144322,0.033339037345520926,0.033338907939623796,0
136,0.9111080387436732,0.02222302035191918,0.022223005390758315,0.022222976305475397,0.02222295920817398,1
137,0.020027372469524105,0.020028274968503016,0.020002664439044558,0.02000256627495491,0.9199391218479733,1
138,0.04043056696795691,0.040127019198684166,0.04000606638226249,0.04000584281835051,0.8394305046327459,0
139,0.8999985390925782,0.02500037997969099,0.025000372376949406,0.025000358351788647,0.02500035019899276,1
140,0.028700631662252677,0.8852586687628818,0.02857584505845953,0.028575682318793073,0.028889172197612983,1
141,0.03341421479806087,0.03341694587992376,0.03333744016581025,0.03335478758726511,0.86647661156894,1
142,0.7332811444746978,0.0666802153046405,0.06667997084118801,0.06667947991668795,0.06667918946278578,1
143,0.06666879935744555,0.7333249488994824,0.06666881907529872,0.06666873979112964,0.0666686928766438,1
144,0.033705033563455604,0.8656624164921218,0.03351788662435843,0.0333382093224273,0.03377645399763675,1
145,0.06666879935744555,0.7333249488994824,0.06666881907529872,0.06666873979112964,0.0666686928766438,1
146,0.8999985390925782,0.02500037997969099,0.025000372376949406,0.025000358351788647,0.02500035019899276,1
147,0.9111091369678613,0.02222273526288733,0.022222725436584666,0.022222706663915404,0.022222695668751312,1
148,0.06667972773221281,0.0666800909188075,0.7332817445190156,0.06667936230466945,0.06667907452529456,1
149,0.8664797647434396,0.03345919332556878,0.03333853300260707,0.03333834140154882,0.03338416752683564,0
150,0.029243095433979495,0.8847248489572644,0.02857584683750687,0.02857568402042472,0.028880524750824522,0
151,0.8999985390925782,0.02500037997969099,0.025000372376949406,0.025000358351788647,0.02500035019899276,1
152,0.025004408087544654,0.025004530959588215,0.8999825892946898,0.025004284487313698,0.025004187170863744,1
153,0.10000290049491313,0.599988597033946,0.10000292731199789,0.10000281948235265,0.10000275567679019,1
154,0.06666879935744555,0.7333249488994824,0.06666881907529872,0.06666873979112964,0.0666686928766438,1
155,0.028576696010788886,0.02857684278656634,0.028576744897340037,0.8856932842017361,0.028576432103568604,1
156,0.018233229341209106,0.018234436430067964,0.9271626256157439,0.018184889068296843,0.018184819544682113,1
157,0.040120177859433385,0.04012429433312632,0.04000275757918164,0.04000265600926971,0.8397501142189889,1
158,0.9111080387436732,0.02222302035191918,0.022223005390758315,0.022222976305475397,0.02222295920817398,1
159,0.8999985390925782,0.02500037997969099,0.025000372376949406,0.025000358351788647,0.02500035019899276,1
160,0.06667391514021592,0.7333048371023828,0.06667398220348326,0.06667371255280821,0.06667355300110976,1
161,0.020029981377211657,0.020003568303871736,0.02006778548970862,0.02000337488218169,0.9198952899470263,1
162,0.06666879935744555,0.7333249488994824,0.06666881907529872,0.06666873979112964,0.0666686928766438,1
163,0.8386842097228348,0.040297095566529245,0.04028934138614753,0.04000584986934773,0.04072350345514099,1
164,0.9111091369678613,0.02222273526288733,0.022222725436584666,0.022222706663915404,0.022222695668751312,1
165,0.10155599406886111,0.10161357722656544,0.10000269696513203,0.10000259759446035,0.5968251341449811,1
166,0.03341541039590033,0.033418178746824324,0.03333859675735433,0.03333840279977274,0.8664894113001483,0
167,0.8657876091541085,0.03352818635568535,0.03333853784203801,0.033338346044844334,0.03400732060332391,0
168,0.04000755753611592,0.04000776786543305,0.04000762759330503,0.8399698677094962,0.04000717929564986,1
169,0.7292034070100066,0.06776807751312335,0.06667520064417694,0.0666748861050064,0.06967842872768656,1
170,0.025044340226356328,0.025045811880274948,0.025004119427789368,0.02500396763066033,0.8999017608349189,1
171,0.8999823863388782,0.02500457304302879,0.02500449032656774,0.025004324259680678,0.02500422603184463,1
172,0.040000370040262204,0.8399985452188398,0.04000037346011544,0.04000035970894107,0.040000351571841564,1
173,0.05000915752041328,0.7999639993665056,0.050009242351409786,0.050008901276589364,0.05000869948508192,1
174,0.040000370040262204,0.8399985452188398,0.04000037346011544,0.04000035970894107,0.040000351571841564,1
175,0.040007557536115894,0.040007767865434064,0.040007627593306075,0.8399698677094933,0.04000717929565069,0
176,0.8666427868164285,0.03333953298621568,0.0333394209921487,0.03333919611734738,0.033339063087859694,1
177,0.040000370040262204,0.8399985452188398,0.04000037346011544,0.04000035970894107,0.040000351571841564,1
178,0.03333461214952925,0.033334647637086996,0.0333346239707093,0.033334576438272194,0.8666615398044023,0
179,0.040007733032934596,0.040007948276413074,0.040007804726679606,0.04000751648278511,0.8399689974811876,0
180,0.06668054306012085,0.06668092900527953,0.06668067161553518,0.06668015473976092,0.7332777015793035,1
181,0.06667949203293244,0.733282913277903,0.06667961081778441,0.06667913322098248,0.06667885065039766,0
182,0.03333474804571451,0.8666611048730632,0.03333476112391756,0.03333470853715857,0.03333467742014612,1
183,0.040000370040262204,0.8399985452188398,0.04000037346011544,0.04000035970894107,0.040000351571841564,1
184,0.10002342381556274,0.10002407553468307,0.10002364089970592,0.5999066080539855,0.1000222516960627,0
185,0.7332811444747017,0.06668021530463956,0.06667997084118701,0.06667947991668685,0.06667918946278496,0
186,0.03333461214952925,0.033334647637086996,0.0333346239707093,0.033334576438272194,0.8666615398044023,0
187,0.05000046567985182,0.7999981692201145,0.05000046998359327,0.05000045267831887,0.050000442438121434,1
188,0.04000714700903822,0.8399719033835746,0.04000721324052111,0.04000694695269848,0.040006789414167486,0
189,0.06667972773221402,0.06668009091880865,0.7332817445190112,0.06667936230467042,0.06667907452529567,0
190,0.040000370040262204,0.8399985452188398,0.04000037346011544,0.04000035970894107,0.040000351571841564,1
191,0.040000370040262204,0.8399985452188398,0.04000037346011544,0.04000035970894107,0.040000351571841564,1
192,0.03333461214952925,0.033334647637086996,0.0333346239707093,0.033334576438272194,0.8666615398044023,0
193,0.03333461214952925,0.033334647637086996,0.0333346239707093,0.033334576438272194,0.8666615398044023,0
194,0.0333392016833748,0.8666435969400373,0.03333925609144329,0.033339037345520774,0.033338907939623796,0
195,0.05015198269004487,0.05015569801044798,0.050006972724989676,0.7985927274030535,0.05109261917146391,1
196,0.040000370040262204,0.8399985452188398,0.04000037346011544,0.04000035970894107,0.040000351571841564,1
197,0.040000370040262204,0.8399985452188398,0.04000037346011544,0.04000035970894107,0.040000351571841564,1
198,0.05000990809618397,0.050010183747180956,0.05000999991219333,0.05000963075827221,0.7999602774861695,0
199,0.10002342381555698,0.10002407553467148,0.1000236408996984,0.5999066080540192,0.10002225169605385,0
200,0.06668022832879798,0.06668060548709338,0.06668035395762138,0.7332792622242695,0.06667955000221773,0
201,0.040000370040262204,0.8399985452188398,0.04000037346011544,0.04000035970894107,0.040000351571841564,1
202,0.040000370040262204,0.8399985452188398,0.04000037346011544,0.04000035970894107,0.040000351571841564,1
203,0.040000370040262204,0.8399985452188398,0.04000037346011544,0.04000035970894107,0.040000351571841564,1
204,0.040000370040262204,0.8399985452188398,0.04000037346011544,0.04000035970894107,0.040000351571841564,1
205,0.03353331204763514,0.03333985320840468,0.03333973571023368,0.03352769053648731,0.8662594084972393,0
206,0.04000727841941257,0.04000748093727902,0.8399712517592972,0.04000707466627993,0.04000691421773134,0
207,0.040000370040262204,0.8399985452188398,0.04000037346011544,0.04000035970894107,0.040000351571841564,1
208,0.04000727841941215,0.040007480937278614,0.8399712517592977,0.040007074666280125,0.04000691421773151,0
209,0.10002255859123861,0.10002318615268797,0.5999108981863946,0.10002192716307405,0.10002142990660477,0
210,0.8399709172051131,0.04000755029330525,0.040007413972105936,0.04000714023618251,0.04000697829329303,0
211,0.2,0.2,0.2,0.2,0.2,0
212,0.7332811444747003,0.06668021530463986,0.0666799708411876,0.06667947991668699,0.06667918946278535,0
213,0.050008034732566764,0.050235133735256156,0.05000810905899044,0.050007810191609894,0.7997409122815767,0
214,0.2,0.2,0.2,0.2,0.2,1
215,0.0333395389339097,0.03333971173704,0.03333959649064043,0.8666419246369073,0.033339228201502674,0
216,0.2,0.2,0.2,0.2,0.2,0
217,0.06667972773221278,0.06668009091880665,0.7332817445190167,0.06667936230466907,0.0666790745252948,0
218,0.028572776135803137,0.02857281353482301,0.028572788593841915,0.8857089128750784,0.02857270886045353,1
219,0.2,0.2,0.2,0.2,0.2,0
220,0.028572776135803137,0.02857281353482301,0.028572788593841915,0.8857089128750784,0.02857270886045353,1
221,0.06668054306012104,0.06668092900528037,0.06668067161553491,0.0666801547397614,0.7332777015793023,0
222,0.2,0.2,0.2,0.2,0.2,0
223,0.10002342381555772,0.10002407553467264,0.10002364089969881,0.599906608054013,0.10002225169605773,0
224,0.7999627362217862,0.05000967404627218,0.05000949945347817,0.05000914885212535,0.050008941426338334,1
225,0.03333920168337524,0.8666435969400365,0.03333925609144347,0.03333903734552108,0.03333890793962398,1
226,0.020003629471536125,0.02000373085199326,0.020003663235590895,0.9199855291956925,0.02000344724518709,0
227,0.10002255859124473,0.10002318615269341,0.5999108981863757,0.10002192716307863,0.10002142990660758,1
228,0.2,0.2,0.2,0.2,0.2,0
229,0.5999098611437684,0.10002340113984856,0.10002297872212516,0.10002213043771063,0.10002162855654705,1
230,0.8666427868164289,0.03333953298621585,0.033339420992148434,0.03333919611734714,0.03333906308785977,1
231,0.7999627362217876,0.05000967404627175,0.05000949945347728,0.050009148852125124,0.05000894142633817,0
232,0.028576818474536594,0.02857696869507368,0.0285768685081192,0.02857666736113808,0.8856926769611324,0
233,0.06668054306012124,0.06668092900528003,0.06668067161553484,0.06668015473976095,0.7332777015793029,0
234,0.7999627362217895,0.05000967404627124,0.050009499453477185,0.05000914885212457,0.05000894142633761,1
235,0.06667949203293114,0.7332829132779062,0.06667961081778401,0.06667913322098183,0.06667885065039686,0
236,0.025004328371571936,0.8999829845685636,0.025004368548873404,0.025004207026555727,0.02500411148443525,0
237,0.03333953893390895,0.033339711737039375,0.03333959649064002,0.8666419246369096,0.033339228201502064,0
238,0.028572776135803137,0.02857281353482301,0.028572788593841915,0.8857089128750784,0.02857270886045353,1
239,0.05000990809618389,0.0500101837471808,0.05000999991219409,0.05000963075827223,0.7999602774861689,1
240,0.04000714073924662,0.8396955241076272,0.04028360997413851,0.04000694117532413,0.0400067840036637,0
241,0.04000773303293509,0.0400079482764137,0.0400078047266809,0.04000751648278727,0.839968997481183,0
242,0.2,0.2,0.2,0.2,0.2,0
243,0.03333920168337507,0.8666435969400368,0.03333925609144336,0.0333390373455211,0.03333890793962396,1
244,0.03333953893390936,0.03333971173703976,0.033339596490640167,0.8666419246369085,0.03333922820150227,0
245,0.10002255859124667,0.10002318615269355,0.5999108981863726,0.10002192716307852,0.10002142990660871,0
246,0.9272716421761485,0.018182099753741705,0.018182095086306593,0.01818208450411127,0.018182078479691798,0
247,0.10002255859124115,0.10002318615268996,0.5999108981863867,0.10002192716307766,0.10002142990660462,1
248,0.866656304227988,0.03333602335570412,0.033335974891730055,0.03333587755859072,0.03333581996598701,0
249,0.10002215122639602,0.5999129180725493,0.1000223564767759,0.10002153123706396,0.1000210429872147,1
250,0.9272716421761485,0.018182099753741705,0.018182095086306593,0.01818208450411127,0.018182078479691798,0
251,0.9272716421761485,0.018182099753741705,0.018182095086306593,0.01818208450411127,0.018182078479691798,1
252,0.040007551787593805,0.040007761535837655,0.040301579967213876,0.8396759322088613,0.04000717450049331,0
253,0.9272716421761485,0.018182099753741705,0.018182095086306593,0.01818208450411127,0.018182078479691798,1
254,0.8855596845473438,0.028715669203705805,0.02857499561685328,0.028574864197574816,0.02857478643452233,0
255,0.2,0.2,0.2,0.2,0.2,0
256,0.0500096833300903,0.05000995269832513,0.050009773053637574,0.7999613920302627,0.050009198887684285,1
257,0.8664974038438998,0.033335825668339626,0.03349544257085825,0.033335690630796284,0.03333563728610601,1
258,0.8666427868164294,0.03333953298621546,0.03333942099214842,0.03333919611734719,0.03333906308785951,0
259,0.9272716421761485,0.018182099753741705,0.018182095086306593,0.01818208450411127,0.018182078479691798,0
260,0.040007557536115894,0.04000776786543327,0.04000762759330566,0.8399698677094948,0.04000717929565054,0
261,0.029236638203024648,0.028575945165574726,0.8850361126309526,0.028575700353627276,0.0285756036468207,0
262,0.8664974038438998,0.033335825668339626,0.03349544257085825,0.033335690630796284,0.03333563728610601,0
263,0.04000581985540265,0.040005981460853234,0.8397060487160315,0.040276620811136706,0.04000552915657589,0
264,0.8666603773424565,0.033334965976451705,0.03333493657482214,0.03333487752404165,0.03333484258222804,1
265,0.0400072784194131,0.04000748093727965,0.8399712517592939,0.040007074666280666,0.04000691421773261,0
266,0.9272716421761485,0.018182099753741705,0.018182095086306593,0.01818208450411127,0.018182078479691798,0
267,0.1000239678128563,0.10002463472485867,0.1000241899573366,0.10002329680075034,0.5999039107041981,0
268,0.033339201683376035,0.8666435969400341,0.03333925609144412,0.03333903734552117,0.03333890793962453,0
269,0.866656304227988,0.03333602335570412,0.033335974891730055,0.03333587755859072,0.03333581996598701,1
270,0.9272716421761485,0.018182099753741705,0.018182095086306593,0.01818208450411127,0.018182078479691798,0
271,0.9272716421761485,0.018182099753741705,0.018182095086306593,0.01818208450411127,0.018182078479691798,1
272,0.10002215122639523,0.599912918072554,0.10002235647677471,0.10002153123706273,0.10002104298721337,0
273,0.03333920168337538,0.8666435969400359,0.03333925609144382,0.03333903734552086,0.03333890793962406,1
274,0.10002215122639233,0.5999129180725568,0.1000223564767745,0.10002153123706342,0.10002104298721302,0
275,0.050009683330090204,0.05000995269832509,0.05000977305363729,0.7999613920302645,0.05000919888768291,0
276,0.2,0.2,0.2,0.2,0.2,0
277,0.0333386274869787,0.033418456941217325,0.8664925667010769,0.03333847955797434,0.033411869312752744,1
278,0.10002396781285824,0.10002463472486145,0.1000241899573363,0.10002329680075266,0.5999039107041914,0
279,0.8856940164584097,0.028576690960554426,0.02857659583997622,0.028576404857108037,0.028576291883951426,0
280,0.2,0.2,0.2,0.2,0.2,0
281,0.0400075575361163,0.04000776786543352,0.040007627593305915,0.8399698677094941,0.04000717929565014,1
282,0.5999098611437708,0.10002340113984956,0.10002297872212568,0.10002213043770825,0.10002162855654581,0
283,0.2,0.2,0.2,0.2,0.2,0
284,0.028572554092177016,0.028572585325591558,0.028572564496262946,0.8857097981786745,0.02857249790729394,0
285,0.7332811444746979,0.0666802153046403,0.06667997084118815,0.0666794799166878,0.06667918946278588,1
286,0.025001912028516156,0.025001965121865394,0.8999924477194879,0.02500185860316334,0.025001816526967154,0
287,0.03333920124246371,0.8660171403235762,0.033797298780021,0.033339037262580425,0.033507322391358806,0
288,0.028572693191977208,0.028572728287501462,0.028572704882544986,0.8857092435779592,0.028572630060017198,0
289,0.05000915752041319,0.7999639993665049,0.05000924235141026,0.05000890127658958,0.050008699485082096,0
290,0.8856940164584101,0.02857669096055431,0.02857659583997609,0.028576404857108217,0.02857629188395141,1
291,0.04028790660525662,0.040007473168333314,0.8394269200702092,0.04000706796772256,0.04027063218847823,0
292,0.03333953893390915,0.033339711737040166,0.03333959649064001,0.8666419246369085,0.03333922820150217,0
293,0.10002255859123861,0.10002318615268796,0.599910898186397,0.10002192716307282,0.10002142990660362,0
294,0.04000714700903777,0.839971903383576,0.0400072132405203,0.0400069469526986,0.040006789414167604,1
295,0.028572554092177016,0.028572585325591558,0.028572564496262946,0.8857097981786745,0.02857249790729394,0
296,0.03333930963419375,0.033339476007493214,0.8666430616492985,0.033339142254501866,0.03333901045451265,0
297,0.10002342381555326,0.10002407553466997,0.10002364089969755,0.5999066080540248,0.10002225169605436,0
298,0.2,0.2,0.2,0.2,0.2,0
299,0.05000932583740518,0.050009585216907106,0.7999631647299973,0.05000906486495899,0.05000885935073146,1
300,0.06667972773221204,0.06668009091880729,0.7332817445190162,0.06667936230466955,0.06667907452529497,1
301,0.025001912028516156,0.025001965121865394,0.8999924477194879,0.02500185860316334,0.025001816526967154,1
302,0.04000714700903851,0.8399719033835746,0.040007213240520985,0.04000694695269846,0.04000678941416761,0
303,0.025001121677599613,0.02500115280734726,0.025001132047128397,0.8999955277881683,0.025001065679756438,0
304,0.05000184540360483,0.7999927449876255,0.05000186246308546,0.05000179386776327,0.05000175327792097,0
305,0.05000184540360483,0.7999927449876255,0.05000186246308546,0.05000179386776327,0.05000175327792097,0
306,0.10001016670066663,0.10001044919112179,0.10001026079919897,0.5999594647273437,0.10000965858166884,0
307,0.10002255859124164,0.10002318615269387,0.5999108981863814,0.10002192716307813,0.10002142990660494,0
308,0.7332811444746966,0.06668021530464036,0.06667997084118898,0.0666794799166878,0.06667918946278614,0
309,0.02857650126390292,0.028576642566489396,0.8856942498671948,0.02857635911475992,0.02857624718765292,0
310,0.10002396781285558,0.10002463472485808,0.10002418995733776,0.10002329680075082,0.5999039107041978,0
311,0.06668022832879753,0.06668060548709229,0.06668035395762036,0.7332792622242723,0.06667955000221741,0
312,0.02500191202851615,0.025001965121865394,0.8999924477194879,0.025001858603163334,0.025001816526967154,0
313,0.05000915752041348,0.799963999366505,0.05000924235141007,0.05000890127658941,0.05000869948508212,0
314,0.06668022832879578,0.06668060548709133,0.06668035395761979,0.7332792622242764,0.0666795500022168,0
315,0.022226050083928868,0.9110960634146024,0.02222608563948751,0.02222594270244266,0.022225858159538717,0
316,0.03333930963419483,0.03333947600749403,0.8666430616492956,0.03333914225450252,0.033339010454513214,0
317,0.05000184540360483,0.7999927449876255,0.05000186246308546,0.05000179386776327,0.05000175327792097,1
318,0.02500191202851615,0.025001965121865394,0.8999924477194879,0.025001858603163334,0.025001816526967154,0
319,0.05000184540360483,0.7999927449876255,0.05000186246308546,0.05000179386776327,0.05000175327792097,0
320,0.040007278419412685,0.04000748093727894,0.8399712517592969,0.040007074666279854,0.04000691421773177,0
321,0.2,0.2,0.2,0.2,0.2,1
322,0.04000728712332832,0.0411986376030193,0.8385158914207821,0.04000708346427382,0.04027110038859638,0
323,0.2,0.2,0.2,0.2,0.2,0
324,0.02857681018076135,0.028576959635537094,0.028713931922963468,0.028576659789688867,0.8855556384710491,0
325,0.050004202889488265,0.05000431957983063,0.050004241759570536,0.7999832427835725,0.05000399298753808,1
326,0.04000755753611667,0.040007767865433155,0.040007627593305714,0.8399698677094938,0.040007179295650674,0
327,0.04000755753611562,0.04000776786543336,0.04000762759330508,0.8399698677094962,0.0400071792956498,0
328,0.028576696010789007,0.02857684278656687,0.028576744897340804,0.8856932842017349,0.028576432103568417,0
329,0.028576818474536296,0.028576968695073524,0.028576868508119635,0.028576667361138813,0.8856926769611317,0
330,0.04000727841941297,0.040007480937279176,0.839971251759296,0.04000707466627994,0.04000691421773201,0
331,0.8399709172051113,0.040007550293305896,0.04000741397210596,0.04000714023618286,0.04000697829329375,1
332,0.06668054306012049,0.06668092900528008,0.06668067161553456,0.06668015473976059,0.7332777015793043,0
333,0.10002255859123874,0.10002318615268756,0.5999108981863954,0.10002192716307423,0.10002142990660401,0
334,0.06667972773221247,0.06668009091880747,0.7332817445190146,0.06667936230467024,0.06667907452529503,0
335,0.03333953893390954,0.033339711737040235,0.033339596490639854,0.8666419246369085,0.0333392282015019,0
336,0.2,0.2,0.2,0.2,0.2,0
337,0.050009908096182824,0.05001018374717958,0.05000999991219329,0.05000963075827214,0.7999602774861723,0
338,0.10001016670066663,0.10001044919112179,0.10001026079919897,0.5999594647273437,0.10000965858166884,0
339,0.066675860669543,0.7332971887097776,0.06667594575471415,0.06667560364398788,0.06667540122197739,0
340,0.04000755753611577,0.040007767865433606,0.040007627593305485,0.8399698677094952,0.040007179295650015,0
341,0.0285766883098392,0.028713235159982625,0.028576736965048883,0.8855569139962669,0.02857642556886245,0
342,0.040004347960259555,0.0400044687374585,0.0400043881911803,0.8399826643928614,0.0400041307182403,1
343,0.7999627362217859,0.0500096740462724,0.0500094994534783,0.05000914885212524,0.05000894142633795,0
344,0.10002342381555863,0.10002407553467789,0.10002364089970041,0.5999066080540048,0.10002225169605818,0
345,0.05000694068847049,0.7998463948755931,0.050133323666089046,0.05000674675193305,0.05000659401791438,0
346,0.0666672272118285,0.06666724300071497,0.7333311196099114,0.06666721133615598,0.06666719884138922,0
347,0.0500005642588289,0.0500005799155064,0.7999977712282307,0.050000548503322445,0.05000053609411166,0
348,0.0500016115478447,0.05000165627074054,0.7999936345413114,0.05000156654304861,0.0500015310970546,0
349,0.0666672272118285,0.06666724300071497,0.7333311196099114,0.06666721133615598,0.06666719884138922,0
350,0.0666672272118285,0.06666724300071497,0.7333311196099114,0.06666721133615598,0.06666719884138922,0
351,0.0500005642588289,0.0500005799155064,0.7999977712282307,0.050000548503322445,0.05000053609411166,0
352,0.799962736221788,0.05000967404627167,0.05000949945347727,0.05000914885212528,0.0500089414263377,0
353,0.899982386338878,0.02500457304302918,0.025004490326567607,0.0250043242596809,0.025004226031844427,0
354,0.025003924152839693,0.02500403342374206,0.025003960548316138,0.02500381422443708,0.899984267650665,1
355,0.06668022832879775,0.06668060548709304,0.06668035395762074,0.7332792622242713,0.06667955000221723,0
356,0.8999823863388797,0.025004573043028517,0.025004490326567166,0.025004324259680175,0.02500422603184438,1
357,0.10002255859124104,0.10002318615268975,0.5999108981863879,0.10002192716307602,0.10002142990660536,0
358,0.0500005642588289,0.0500005799155064,0.7999977712282307,0.050000548503322445,0.05000053609411166,1
359,0.9199860348255569,0.020003625985488376,0.02000356029718183,0.02000342843716527,0.020003350454607664,0
360,0.0500005642588289,0.0500005799155064,0.7999977712282307,0.050000548503322445,0.05000053609411166,0
361,0.8666427868164288,0.0333395329862157,0.033339420992148205,0.03333919611734739,0.03333906308785987,1
362,0.2,0.2,0.2,0.2,0.2,0
363,0.0500016115478447,0.05000165627074054,0.7999936345413114,0.05000156654304861,0.0500015310970546,0
364,0.0666672272118285,0.06666724300071497,0.7333311196099114,0.06666721133615598,0.06666719884138922,0
365,0.0500005642588289,0.0500005799155064,0.7999977712282307,0.050000548503322445,0.05000053609411166,0
366,0.2,0.2,0.2,0.2,0.2,0
367,0.0500005642588289,0.0500005799155064,0.7999977712282307,0.050000548503322445,0.05000053609411166,0
368,0.033505164036070435,0.03333837568617103,0.033338284838151364,0.03333810238071408,0.8664800730588931,0
369,0.02857279993737518,0.8857088943356259,0.02857281261531491,0.028572761638079442,0.028572731473604493,0
370,0.0666672272118285,0.06666724300071497,0.7333311196099114,0.06666721133615598,0.06666719884138922,0
371,0.0666672272118285,0.06666724300071497,0.7333311196099114,0.06666721133615598,0.06666719884138922,0
372,0.0666672272118285,0.06666724300071497,0.7333311196099114,0.06666721133615598,0.06666719884138922,0
373,0.0666672272118285,0.06666724300071497,0.7333311196099114,0.06666721133615598,0.06666719884138922,0
374,0.028576818474536643,0.028576968695073972,0.028576868508120308,0.028576667361138966,0.8856926769611302,0
375,0.9199254067146765,0.02000361747588573,0.020064210478788234,0.020003421393326757,0.020003343937322737,1
376,0.02857279993737518,0.8857088943356259,0.02857281261531491,0.028572761638079442,0.028572731473604493,0
377,0.02857279993737518,0.8857088943356259,0.02857281261531491,0.028572761638079442,0.028572731473604493,0
378,0.0500005642588289,0.0500005799155064,0.7999977712282307,0.050000548503322445,0.05000053609411166,0
379,0.0500005642588289,0.0500005799155064,0.7999977712282307,0.050000548503322445,0.05000053609411166,0
380,0.06667949203293022,0.7332829132779098,0.06667961081778251,0.06667913322098093,0.06667885065039658,0
381,0.04028125102414655,0.8396978139210348,0.0400072078497673,0.04000694220568737,0.04000678499936395,1
382,0.028576057989044872,0.02857618685643502,0.02857610091212903,0.8856958279887679,0.028575826253623086,1
383,0.05000932583740414,0.05000958521690693,0.7999631647299993,0.05000906486495867,0.05000885935073106,0
384,0.04000663707819847,0.04000682167205815,0.04000669856443689,0.040006451351814354,0.8399733913334921,1
385,0.033335059565826115,0.03333510747747872,0.8666598482235159,0.03333501135270225,0.03333497338047698,1
386,0.05000145433165756,0.7999942824405067,0.05000146777511003,0.05000141371954994,0.05000138173317577,1
387,0.05000145433165756,0.7999942824405067,0.05000146777511003,0.05000141371954994,0.05000138173317577,1
388,0.10002215122639388,0.5999129180725562,0.1000223564767741,0.10002153123706277,0.10002104298721308,0
389,0.04000095356714033,0.04000099694587946,0.8399962165750261,0.04000092694134882,0.04000090597060532,0
390,0.2,0.2,0.2,0.2,0.2,0
391,0.04000081140674053,0.04000083392010674,0.8399967950140276,0.040000788751227104,0.040000770907898095,1
392,0.04000755753611626,0.04000776786543346,0.04000762759330573,0.8399698677094946,0.04000717929565,1
393,0.05000734157488838,0.05000754560752795,0.05000740953754309,0.7999707286825747,0.050006974597465934,1
394,0.05000734157488842,0.05000754560752799,0.05000740953754316,0.7999707286825745,0.05000697459746607,1
395,0.033335370738419745,0.03333542729217456,0.8666586191321097,0.0333353138292405,0.033335269008055494,1
396,0.2,0.2,0.2,0.2,0.2,1
397,0.05000145433165756,0.7999942824405067,0.05000146777511003,0.05000141371954994,0.05000138173317577,0
398,0.04000081140674053,0.04000083392010674,0.8399967950140276,0.040000788751227104,0.040000770907898095,1
399,0.066679492032931,0.7332829132779051,0.06667961081778423,0.06667913322098262,0.06667885065039689,1
400,0.04000095356714033,0.04000099694587946,0.8399962165750261,0.04000092694134882,0.04000090597060532,0
401,0.10002255859124662,0.10002318615269512,0.5999108981863679,0.10002192716308025,0.10002142990661016,0
402,0.033335370738419745,0.03333542729217456,0.8666586191321097,0.0333353138292405,0.033335269008055494,1
403,0.05000145433165756,0.7999942824405067,0.05000146777511003,0.05000141371954994,0.05000138173317577,1
404,0.04000095356714033,0.04000099694587946,0.8399962165750261,0.04000092694134882,0.04000090597060532,0
405,0.04000095356714033,0.04000099694587946,0.8399962165750261,0.04000092694134882,0.04000090597060532,0
406,0.05000145433165756,0.7999942824405067,0.05000146777511003,0.05000141371954994,0.05000138173317577,1
407,0.04000095356714033,0.04000099694587946,0.8399962165750261,0.04000092694134882,0.04000090597060532,1
408,0.04000081140674053,0.04000083392010674,0.8399967950140276,0.040000788751227104,0.040000770907898095,1
409,0.05000803673566261,0.05000826014563745,0.050008111152361506,0.050007811944555725,0.7999677800217827,1
410,0.033335056412873584,0.03333510424783361,0.866478567183325,0.033335008277225554,0.033516263878742146,1
